-------edr-------
------Папка1-------
869.900000
439.300000
503.800000
747.600000
667.500000
259.300000
98.100000
492.800000
387.500000
400.200000
376.300000
504.300000
370.000000
601.600000
272.100000
488.100000
384.100000
372.800000
382.300000
613.300000
513.500000
366.600000
625.000000
529.800000
639.500000
403.500000
372.900000
365.500000
500.800000
269.803284
862.500000
993.002571
851.700000
137.400000
724.800000
603.700000
729.000000
855.600000
513.500000
732.200000
179.900000
404.700000
502.400000
145.100000
380.000000
273.900000
149.800000
611.600000
724.300000
500.000000
730.600000
992.600000
7008.200000
619.200000
502.300000
635.900000
296.700000
382.400000
240.900000
142.100000
379.700000
514.000000
491.600000
742.000000
868.700000
726.700000
371.400000
288.400000
864.900000
279.900000
273.800000
380.100000
276.900000
859.500000
401.500000
497.600000
1121.200000
603.600000
632.500000
495.900000
736.100000
852.600000
493.200000
619.400000
625.800000
505.800000
374.300000
378.000000
267.500000
519.600000
------------------
863.000000
466.700000
403.700000
785.800000
657.800000
249.200000
160.800000
496.100425
370.300000
402.000000
369.000000
508.100000
367.700000
729.500000
147.900000
489.000000
409.100000
370.500000
397.800000
496.800000
387.200000
360.200000
609.800000
516.600000
631.300000
367.100000
365.800000
365.000000
370.300000
251.200000
783.700000
888.000000
726.200000
93.300000
746.400000
600.300000
846.600000
841.400000
396.400000
723.600000
418.800000
393.600000
494.400000
250.200000
257.800000
146.500000
171.800000
535.500000
1589.900000
379.600000
729.600000
997.500000
5988.200000
486.200000
601.200000
605.300000
209.400000
272.600000
247.800000
130.600000
388.800000
382.800000
493.500000
743.400000
876.100000
847.600000
365.400000
296.900000
726.600000
196.500000
144.100000
252.900000
291.300000
725.100000
502.200000
501.900000
1001.800000
601.500000
651.700000
607.400000
731.500000
725.400000
492.300000
604.800000
736.300000
507.700000
256.200000
365.600633
244.800000
430.100000
------------------
------Папка2-------
121.800000
315.100000
108.300000
499.100000
522.700000
149.000000
380.100000
159.100000
229.600000
253.900000
128.600000
397.300000
492.400000
361.800000
502.100000
124.200000
2051.600000
5999.000000
263.000000
381.600000
72.600000
327.700000
422.600000
230.700000
422.800000
421.700000
500.600000
377.500000
507.900000
5987.300000
166.200000
270.500000
7199.000000
4436.600000
233.600000
137.900000
157.700000
408.500000
409.300000
156.300000
179.600000
196.300000
524.100000
282.900000
269.600000
173.700000
295.100000
373.100000
262.800000
5998.100000
130.700000
270.300000
387.700000
389.000000
8399.000000
101.500000
105.900000
382.100000
6046.100000
736.500000
129.300000
489.100000
257.500000
258.300000
286.400000
131.300579
68.000000
260.600000
147.000000
172.100000
147.100000
390.200000
273.400000
380.500000
174.500000
160.300000
634.100000
129.700000
137.100000
257.201296
7199.000000
3719.900000
255.500000
158.900468
298.000000
113.000000
250.200000
267.800000
268.700000
498.500000
------------------
122.100000
341.600000
156.100000
524.000000
510.500000
153.400000
510.100000
187.500000
223.500000
233.900000
125.700000
402.600000
489.700000
491.000000
372.800000
128.600000
2069.600000
5999.000000
298.600000
269.000000
130.300000
338.800000
385.500000
235.000000
404.200000
374.300000
498.500000
375.300000
380.800000
5953.100000
183.500000
230.800000
8339.600000
5571.800000
254.300000
138.200722
191.500000
396.300000
292.500000
144.500000
221.300000
208.300000
518.300000
388.200000
151.100000
82.300000
379.604955
258.400000
130.000000
7199.000000
121.000581
262.600000
454.200000
269.000000
7148.600000
71.400000
159.200000
272.200000
5462.900000
730.300000
129.900000
362.100000
265.000000
248.100000
281.200000
70.000000
114.001340
261.300000
96.701052
152.700000
37.600000
256.900000
277.500000
251.400000
273.600000
180.600000
517.800000
125.400000
157.600000
365.200000
7159.400000
2189.300000
276.800000
150.400000
401.900000
120.300000
130.600000
261.000000
248.600000
419.600000
------------------
------Папка3-------
133.900000
153.200000
390.800000
250.400000
255.100000
43.000000
149.800000
249.900000
124.000000
177.200000
248.100000
156.800000
4797.200000
378.700000
133.500000
77.200000
166.300000
158.100000
148.500000
258.800000
173.500000
260.200000
252.600000
185.700000
98.900000
103.700000
257.000000
253.100000
3580.100000
150.600000
184.700000
328.200000
260.200000
117.500000
248.400000
149.000000
180.800000
271.600000
300.400000
171.300000
295.000000
229.300000
240.200000
197.700000
151.700000
83.300000
187.100000
410.000000
259.500699
372.200000
178.100000
180.700000
185.700000
369.900000
611.400000
194.100000
181.200000
365.700000
176.400000
257.100000
69.800000
130.900000
94.600000
148.200000
279.200000
49.300000
255.900000
94.100000
258.600000
98.400000
55.700000
163.600000
149.700000
265.200000
121.600000
162.200000
173.400000
151.900000
124.300000
137.300000
83.200000
73.000000
144.900000
180.200000
248.700000
175.600000
56.600000
139.200000
158.200000
203.300000
------------------
132.900000
130.500000
318.600000
266.500000
253.600000
64.800000
47.000000
257.300000
101.000000
158.400000
250.600000
137.400000
4799.000000
258.000000
96.400000
131.800000
143.600000
164.500000
192.200000
132.300000
279.100000
218.700000
250.300000
142.600000
89.300000
38.200000
248.800000
247.900000
4563.200000
150.700000
262.100000
372.200000
216.000000
186.400000
278.300000
151.000000
99.400000
240.800000
158.800000
131.800000
130.100000
176.100000
242.900000
93.700000
78.100000
149.200000
218.600000
341.700000
146.600662
267.300864
136.200000
179.400000
112.400000
255.700000
1779.200000
134.100000
153.400000
245.600000
179.400000
246.800000
86.500000
247.300000
93.600000
133.900000
274.800000
164.700000
283.300000
89.800000
147.000000
148.900000
130.400000
89.000000
176.400000
170.200000
154.500000
133.900000
102.400000
130.000000
140.100000
243.700000
96.900000
157.500000
159.600000
154.100000
140.400000
161.400000
150.600000
158.200000
141.700000
177.900000
------------------
------Папка4-------
58.900000
185.200000
84.000000
367.600000
110.500000
130.500000
254.900000
46.400000
281.300000
310.900000
254.900000
272.000000
40.800000
241.300000
117.200000
140.800000
105.100000
76.600000
158.600000
246.000000
161.000000
233.100000
266.300000
398.500000
94.900000
145.400000
135.400000
148.300000
55.400000
78.600000
266.600000
238.702247
148.500000
94.500000
194.900000
139.800000
229.300000
115.700000
269.500000
162.300000
286.500000
298.100000
104.501524
302.300000
154.300000
163.900000
145.200000
157.100000
141.300000
60.500000
155.500665
190.200000
206.200000
144.300000
259.100000
138.800000
175.000000
112.000000
169.600000
141.800000
147.600000
78.000000
67.700000
91.100000
123.100000
261.300000
252.200000
194.000000
265.200000
85.600000
47.000000
86.900000
87.400000
69.600000
376.900000
83.400000
277.600000
45.800000
271.600000
57.700000
107.500000
253.600000
135.100000
102.700000
145.400000
271.600000
132.000000
132.900000
154.100000
153.000000
------------------
55.200000
157.800000
166.900000
373.900000
119.800000
138.400000
131.600000
80.500000
285.900000
315.800000
260.700000
255.700000
35.000000
363.700000
180.800000
153.500000
114.000000
74.800000
176.300000
124.300000
275.000000
200.400000
253.300000
392.800000
99.000000
134.100000
130.800000
137.600000
156.200000
61.400000
186.400000
127.900000
252.900000
151.100000
222.900000
135.600000
125.200000
103.900000
137.200000
137.800000
156.900000
264.100000
66.400000
202.200000
96.800000
262.000000
218.800000
187.500000
81.800000
145.200000
130.100000
161.900000
129.400000
273.100000
171.100000
98.300000
260.100000
181.900000
173.800000
128.600000
152.700000
142.700000
84.900000
74.700000
142.800000
130.800000
275.700000
213.000000
135.300000
142.500000
162.000000
189.500000
118.200000
154.200000
258.000000
100.700000
157.900000
33.600000
248.400000
126.200000
79.700000
413.500000
147.100000
80.600000
93.700000
267.900000
259.200000
147.500000
144.900000
117.400000
------------------
------Папка5-------
64.700000
170.600000
153.500000
40.800000
68.800000
126.700000
143.100000
43.500000
92.700000
109.500000
250.900000
80.400000
369.100000
164.000000
86.600000
139.900000
180.000000
136.000000
83.300000
148.000000
155.800000
208.200000
161.300000
295.400000
264.800000
163.700000
140.200000
57.200000
59.400000
139.500000
161.901111
223.500000
140.000000
162.000000
200.900000
183.000000
290.500000
148.900000
145.900000
154.300000
280.400000
122.600000
282.500000
281.500000
151.900000
149.900000
175.100000
141.900000
83.200000
152.700000
175.800000
188.200000
207.300000
133.500000
242.700000
198.400000
233.200000
122.000000
177.500000
248.800000
55.400000
154.600000
79.100000
64.200000
127.800000
257.300000
306.300000
142.500000
2780.900000
107.500000
51.600000
75.200000
100.200000
138.300000
166.200000
138.200000
288.700000
47.400000
150.700000
127.300000
140.500000
90.500000
123.600000
62.100000
140.500000
155.100000
123.600000
125.100000
153.000000
188.100000
------------------
44.000000
182.200000
124.200000
54.300000
65.600000
126.000000
260.400000
46.900000
48.804082
64.100000
253.700000
49.600000
368.000000
34.400000
152.400000
149.900000
145.100000
139.200000
76.000000
73.000000
129.600000
172.900000
171.900000
252.600000
256.900000
140.300000
147.800000
33.900000
157.700000
135.400000
144.900000
259.000000
261.500000
248.700000
141.800000
182.800000
156.500000
147.600000
282.200000
132.000000
147.700000
135.600000
278.200000
174.200000
253.300000
146.100000
187.900000
218.700000
139.700000
255.400000
132.900000
165.500000
158.300000
265.300000
145.400000
181.400000
273.600000
182.900000
157.800000
267.500000
76.800000
252.100000
109.800000
60.300000
71.900000
140.800000
324.100000
143.400000
2826.200000
143.500000
161.100000
163.800000
147.700000
262.400000
73.200000
75.700000
181.000000
43.300000
176.500000
71.300000
136.600000
140.100000
128.800000
59.500000
85.600000
157.700000
262.400000
157.200000
135.800000
263.100000
------------------
------Папка6-------
143.200000
169.700000
52.100000
121.500000
142.100000
134.500000
258.300000
125.400000
133.600000
272.100000
253.900000
149.100000
138.400000
153.400000
82.100000
48.100000
163.700000
89.100000
102.600000
146.000000
142.100000
167.500000
266.500000
206.900000
182.900000
141.500000
129.300000
133.200000
67.700000
87.300000
119.100000
198.600000
128.300000
146.000000
170.800000
152.500000
349.100000
169.800000
104.400000
160.900000
285.200000
153.000000
145.900000
301.000000
154.000000
162.500000
146.700000
160.201718
181.200000
159.800000
265.500000
164.800000
215.000000
137.200000
362.200000
223.400000
202.300000
100.500000
148.100000
240.700000
51.000000
64.800000
79.500000
139.700000
159.600000
68.100000
130.500000
161.000000
62.200000
89.100000
155.300000
263.700000
140.600000
72.300000
258.200000
102.100000
188.200000
67.200000
281.100000
62.900000
141.800000
77.400000
127.100000
85.800520
153.700000
200.800000
58.700000
240.300000
146.100000
196.600000
------------------
138.800000
157.900000
131.000000
138.000000
128.500000
152.600000
128.400000
133.600000
140.300000
257.700000
251.500000
141.300000
132.100000
41.800000
144.500000
63.300000
150.300000
105.600000
120.900000
28.200000
260.200000
167.300000
249.700000
151.600000
169.300000
127.200000
126.200000
129.500000
135.800000
81.100000
155.500000
155.800000
253.100000
251.700000
161.400000
150.900801
204.000000
134.800000
199.900000
151.700000
119.300000
178.100000
141.900000
168.900000
256.700000
250.500000
235.500000
215.300000
55.500000
247.100000
245.900000
162.500000
161.800000
275.900000
253.800000
142.800000
259.200000
162.500000
152.500000
254.500000
78.700000
129.000000
101.900000
143.100000
151.400000
157.300000
177.600000
141.800000
143.800000
139.100000
91.400000
380.300000
71.600000
134.400000
144.600000
89.700000
139.500000
40.900000
252.800000
175.800000
146.400000
140.300000
131.200000
99.600000
97.800000
241.500000
152.900000
260.000000
135.700000
268.200000
------------------
-------erp-------
------Папка1-------
226.736842
435.766031
240.523466
164.445251
359.794899
270.974196
358.519422
304.503410
596.335329
648.565318
213.695821
311.606335
169.069385
166.319493
308.289610
248.161569
510.640777
233.071715
351.308891
166.219468
488.809882
626.611449
768.926352
847.688492
333.918488
324.392157
224.423246
194.449148
203.187310
350.155172
417.000000
777.894602
563.964829
307.346373
576.860947
470.026517
502.116883
578.590537
417.800134
420.764328
547.713499
473.870920
479.055556
380.833929
469.934748
388.850481
343.372039
787.969789
344.861740
378.490664
506.594027
331.958775
18.055215
404.733046
489.948263
427.103279
499.094595
438.116085
323.327107
253.652057
314.415695
276.377328
303.374023
200.881025
477.000952
541.273590
423.574659
658.915646
387.153669
380.628205
176.546684
329.099585
583.104082
225.837179
249.758156
423.947917
282.939322
134.003435
495.530435
211.404793
428.602298
392.163193
407.580910
336.089649
393.521932
404.404676
252.848333
321.046478
373.453952
392.677596
------------------
289.939744
448.839669
299.567783
419.134559
369.861671
313.811162
295.746305
364.531888
502.364183
651.566071
248.797836
378.312672
160.936035
193.892578
327.455607
327.444087
550.942643
233.615120
480.930988
295.699193
743.890511
759.650767
709.709838
866.119835
417.297101
245.484774
185.092699
174.252274
297.841897
318.401843
517.844237
971.446089
673.775923
358.104570
620.763203
466.037895
499.181333
547.402160
449.344878
369.849003
462.675556
504.521204
498.513298
407.825052
427.630609
362.239837
357.762862
845.920107
356.372690
377.325106
294.678082
374.641201
8.369767
417.719311
491.475436
400.840930
521.885430
522.384335
365.873016
304.850836
321.455990
342.715517
399.423518
237.420909
552.015559
439.755714
542.883028
676.927441
504.517021
474.885714
281.976271
507.514563
492.142558
330.150240
265.921158
415.295720
345.664234
129.203893
579.035806
184.829744
492.068659
635.471711
481.103480
350.816156
279.133945
496.107459
377.209389
324.897468
294.512658
543.440546
------------------
------Папка2-------
198.838399
433.946688
307.188679
151.917557
375.583979
184.042480
215.845581
223.969862
655.093812
619.346801
166.796404
225.561321
154.555778
208.327251
281.497567
224.624803
41.413357
8.474522
319.149613
194.271046
295.965709
595.879507
667.840659
719.236000
418.356236
352.686788
213.883083
193.803448
220.892893
13.897183
385.153677
743.994859
8.063244
12.494382
526.882353
326.124528
518.933813
551.750903
367.852448
442.120603
344.253356
573.635581
336.401046
427.231834
411.821656
393.597967
484.701667
750.417910
392.469909
18.470238
392.211940
361.099900
692.355717
391.902583
4.220624
393.922777
396.887554
380.462822
4.365155
281.657824
191.067925
276.302639
311.285628
317.181818
403.257253
266.022016
331.347368
357.270869
286.995259
451.394469
197.448080
271.729242
374.716066
259.468468
345.958197
465.534521
313.038462
195.409066
464.802908
248.348596
15.530537
117.986867
401.229352
303.048666
409.698394
369.242453
330.015849
363.521417
386.715543
431.475676
------------------
265.612632
449.066461
255.000000
323.822415
359.002188
255.275573
235.274809
331.286222
683.184810
590.708940
165.438085
291.281159
150.051245
212.636270
267.345435
247.914534
35.508591
9.155604
460.673884
313.147107
399.908886
724.568820
575.191257
789.272917
472.796731
246.839530
211.532570
191.313361
365.997361
26.089674
607.511749
769.842615
34.595409
20.268636
613.319569
322.928520
548.293333
627.437956
418.504475
372.306848
581.174603
588.395225
384.261853
330.713885
430.568949
348.837736
638.318137
605.347426
301.613963
7.442136
265.302150
315.494797
538.697710
444.941416
14.382643
331.675462
410.803293
532.851101
4.871324
358.842873
196.392537
385.619509
408.130725
302.084630
481.647273
249.492006
484.974531
346.296237
345.794845
461.274742
170.880360
413.384106
344.907317
382.457962
449.794344
372.878486
527.905947
200.991294
488.252016
186.120387
8.373754
133.133772
589.438665
418.222509
307.113793
358.070365
297.511987
450.630525
304.598345
600.181118
------------------
------Папка3-------
221.920724
403.360955
330.019787
194.120612
471.870536
186.629092
268.162602
387.392298
417.485969
591.276647
202.611273
232.610483
13.134031
84.629675
321.700229
291.619903
415.748479
299.439863
300.535684
243.116082
331.222269
554.364050
743.819200
494.321138
354.914353
337.447761
212.732881
316.587649
27.911278
463.323897
470.051502
558.260692
527.466954
418.225767
768.042373
368.037736
528.005758
673.841610
363.067069
519.798769
501.304408
439.006378
652.100427
515.426117
359.429936
350.702296
585.157773
838.613953
483.265734
359.850088
425.616050
341.521479
590.564024
594.687691
727.968236
555.294194
562.211704
540.787055
379.118881
403.453672
223.555224
166.492299
275.862234
259.140967
561.121265
199.797219
323.245614
354.253968
468.862505
301.633613
194.648885
304.523904
410.402649
290.627907
348.575177
321.992771
285.868925
273.672668
442.849231
282.400864
333.526293
294.050584
361.509485
426.583369
298.325402
320.385390
226.275556
339.389532
384.745817
535.831207
------------------
260.725625
415.068919
431.173454
354.430326
417.873999
256.344511
195.265666
444.631468
347.654506
505.483165
226.994036
183.661955
9.665049
85.788031
305.354421
401.574696
373.506718
335.767807
422.521505
275.212088
435.846201
475.406805
739.689189
468.447639
337.162097
212.071137
164.778765
274.564117
43.355748
468.516765
536.169215
554.132787
700.872887
499.997567
816.283433
351.513043
412.309160
570.703297
343.137886
397.628219
440.139310
385.502973
664.144022
390.764605
379.431881
448.870017
553.148148
825.536785
424.898013
482.721934
255.696286
423.440252
417.787838
680.899063
684.327031
476.864516
583.334432
578.962040
431.436658
425.570949
256.252736
162.701754
304.178026
246.257327
546.272838
251.844048
445.106525
359.916460
466.043319
444.227848
218.477525
297.523288
414.069444
396.486974
361.830205
305.123932
338.743287
219.995766
444.333333
305.126416
365.341162
418.936032
426.472588
432.683631
320.652649
461.925287
362.204082
389.941085
286.084879
538.048035
------------------
------Папка4-------
217.375700
448.864641
252.173913
185.234831
338.335845
167.613342
248.706414
175.195017
388.508904
422.223801
207.723032
275.350051
154.910088
144.463490
365.531726
265.649498
360.520368
284.370643
307.648675
249.654376
332.838079
534.835648
488.897681
480.138211
366.911974
339.486074
174.025280
196.622155
216.664059
265.093572
430.138889
656.905618
321.300856
355.216735
580.458716
362.844118
674.720703
442.395444
366.459740
459.201192
550.599174
540.226060
402.706555
426.383358
407.135904
361.446049
500.861983
521.406780
390.136157
277.469321
381.535904
365.420276
559.860892
389.673843
424.069507
460.202107
426.231415
387.319865
461.435851
285.901192
205.437626
241.505519
232.475625
312.928615
412.216609
268.580533
325.185084
571.553495
478.268736
292.003226
161.993874
294.989170
318.795414
232.107020
229.176471
300.809689
404.981211
174.365788
426.708812
235.900648
383.071144
313.379609
298.238497
319.880468
331.265913
331.076485
214.700000
281.833333
278.477189
439.500541
------------------
262.345301
470.007979
251.211009
292.635453
363.241130
188.723496
284.318894
285.717879
380.879026
539.032115
230.585489
292.107482
150.250606
145.009588
376.786747
339.800907
367.900000
295.445017
306.311231
235.365979
474.469027
503.697017
439.284939
485.504178
359.362691
261.608177
164.880195
137.532710
287.820243
235.333942
428.907599
506.171134
359.108449
411.052632
635.000000
379.576720
470.166990
427.176056
290.097645
358.861901
482.293956
463.529070
340.850091
394.305958
360.657253
396.796673
633.287537
643.551775
342.053490
281.049587
278.703600
366.961607
437.781285
398.193594
499.247423
375.801275
439.074119
600.048611
510.424327
311.801841
227.032221
273.650862
284.392007
272.417513
450.059504
224.167040
444.199317
607.331053
390.022360
357.000000
323.723164
359.322222
364.700368
213.609067
305.594292
356.096415
328.866920
168.451847
372.314286
268.287129
308.391325
416.161923
304.426215
289.243190
366.679231
336.422447
304.962873
349.553459
190.691635
431.478592
------------------
------Папка5-------
253.679879
475.364048
256.073095
189.186818
233.668442
194.152250
377.057245
166.549539
383.916322
442.559223
180.093780
275.978518
187.519172
296.388740
284.149533
313.023374
439.872404
280.253314
314.657363
220.198912
461.800255
502.274854
541.678363
649.191964
461.018740
451.270237
263.939083
279.116202
214.839327
301.207879
461.404444
619.674242
355.847229
482.842767
561.190157
590.790226
559.223108
391.298267
280.654418
406.243446
543.664740
464.068140
316.927487
456.757246
416.382668
457.692750
547.723898
503.091575
350.836858
320.292220
447.636282
377.877966
589.322709
368.562763
351.020785
533.437546
616.038153
379.917254
424.379045
225.366415
181.673216
235.387146
207.403684
222.862634
379.146509
273.361644
417.323977
452.297486
190.273863
335.445748
169.209555
243.105566
315.689130
212.272261
298.541700
405.765799
318.094985
182.239184
413.009447
238.476292
294.892714
292.687752
340.370370
229.625180
321.467961
331.115761
217.382492
316.570893
343.109489
435.164745
------------------
237.232523
458.879710
362.519878
272.509136
225.781684
188.963036
314.187898
193.195723
254.537415
277.877323
209.070449
240.644243
176.480864
191.883220
318.274533
384.146722
440.563166
336.790023
305.192961
241.195086
494.048152
497.320451
515.395965
535.487342
471.843546
300.726505
291.944226
242.534856
344.829897
276.539599
513.770588
579.783217
452.319180
484.448895
460.418919
581.659246
477.695050
494.676242
420.575221
307.871158
461.332298
490.592133
254.912243
346.743295
556.239130
473.496617
568.942339
718.154976
339.009972
316.874894
272.064305
414.600780
523.921250
538.153760
439.750996
510.105960
630.965649
602.428571
445.654389
376.393712
231.237530
266.377240
327.958042
251.768007
279.851641
340.710752
432.588755
466.394102
163.013499
487.760067
364.558185
357.000000
422.815851
288.521525
280.124312
290.402724
407.158314
181.607273
409.839465
257.090442
398.662272
490.846383
379.641806
295.557951
336.667542
421.108479
371.783920
533.350144
253.983351
401.305936
------------------
------Папка6-------
199.834123
435.090278
193.067826
198.011437
233.451160
156.499057
249.757576
166.388206
406.898010
375.761236
181.413022
226.733888
186.106289
253.311534
251.713262
242.649498
363.536552
332.200000
339.088564
200.420193
280.372062
483.721879
446.725352
646.961538
456.266789
372.972458
231.581876
277.311052
240.657143
289.914048
443.554817
685.534211
334.523112
377.816766
470.427788
393.074881
589.453890
381.954439
340.571235
349.797604
561.241573
514.467890
337.442582
569.355000
405.409236
368.667016
470.570736
519.096220
376.012605
425.545209
306.639002
344.639286
632.308696
367.405655
335.089147
579.023364
562.598553
343.899287
443.811607
177.440276
171.131524
200.334373
231.672862
198.704088
311.357815
244.631254
335.670673
507.384309
202.042161
306.894737
216.929282
124.692308
459.943137
212.833946
238.088159
340.627151
335.782570
226.742291
493.973753
210.865791
287.280720
298.648523
358.093333
278.353614
356.131700
399.287588
207.252913
311.140578
356.639064
446.223592
------------------
240.542582
460.989305
265.617737
360.413615
182.818576
207.244226
207.309793
239.474982
437.910000
442.436426
161.525846
242.225287
173.790267
218.940882
311.359618
301.402320
366.436252
372.367506
415.585885
139.052388
459.066306
609.027826
358.025210
536.385744
541.089474
252.435662
239.266014
261.418149
266.709617
303.212951
536.395349
606.349206
449.449867
421.886574
471.328090
429.268215
511.201780
348.211911
469.431224
263.109698
412.822581
569.256000
405.941810
538.543672
419.471220
393.321814
622.028537
695.234727
258.024409
365.318332
249.924402
409.766575
545.615667
490.707342
433.247157
458.583051
567.378238
526.786967
475.792350
355.341485
228.152461
217.384615
342.694480
239.920792
344.021374
244.271845
599.685807
515.170918
341.441696
318.852612
311.571283
176.736544
301.052953
301.986405
294.643357
311.953307
399.722222
180.296464
497.997059
374.758621
453.329797
378.721739
384.466667
396.150526
351.644540
371.319403
470.623377
459.431315
286.341420
457.268761
------------------
-------dtw-------
------Папка1-------
223.053580
360.462738
217.781588
169.458902
352.388948
178.814272
167.306233
181.354593
285.672655
342.357225
146.797862
314.545249
145.393792
242.096886
210.168831
166.328125
454.398058
190.555902
200.941338
180.773881
333.761547
462.722290
444.894131
537.436508
247.045481
314.485528
195.620066
195.082463
154.583225
197.522167
317.624060
790.138817
347.271388
243.841076
634.218935
398.123406
586.998701
491.559579
268.294433
320.243171
250.951791
269.743323
294.126781
264.179464
293.001572
262.039230
231.463075
694.019637
370.761025
314.594398
360.516546
386.230860
1106.564417
269.898816
275.138218
391.285246
320.659705
204.975721
248.273467
159.228374
230.933192
220.488259
240.073963
171.377059
368.130476
432.678950
281.919688
390.300680
262.100138
255.749084
122.952443
254.118257
327.244898
285.598550
197.178723
390.256250
300.918046
162.230618
386.269565
154.055773
259.809545
257.520359
271.701715
223.326981
289.616324
335.734712
221.591667
194.392429
225.478772
397.329690
------------------
286.030128
400.175207
201.851675
400.287500
327.217579
182.511540
162.182266
185.716837
337.094952
447.805357
157.588911
358.542700
126.188727
171.860352
170.561916
209.308790
522.558603
201.427405
262.327470
205.939839
450.215328
428.376491
428.276463
519.080579
300.361413
188.089712
135.466378
156.391096
168.676548
193.661751
391.487020
634.632135
342.850278
258.589466
717.269165
390.305263
587.653333
527.082592
279.649963
270.509497
282.728889
250.946648
339.355496
296.017598
311.362981
248.219512
266.266604
578.296937
281.740246
279.904681
182.217969
427.646658
813.951163
342.989521
344.025885
403.987907
341.236613
268.737705
281.085901
181.218866
221.645477
185.727969
379.987572
197.194545
602.411598
357.550533
398.117546
408.203166
341.346809
259.221978
133.167797
310.898058
311.572327
470.447115
210.790419
375.007782
342.778589
165.413934
591.278772
194.577389
358.298792
489.321782
323.382784
266.557103
298.888685
405.613148
242.844966
242.022152
160.905063
395.393762
------------------
------Папка2-------
166.262918
327.562197
117.298113
133.106107
244.830319
105.473254
158.074419
148.220356
285.420160
389.380471
97.152575
184.643868
148.457582
216.664234
253.613139
130.595577
393.644404
357.515127
201.447979
129.947704
166.048435
420.363378
376.059066
417.108000
256.843167
323.306378
177.852384
136.322759
180.539540
403.945070
215.541164
389.493573
459.873512
316.426966
367.049536
168.050314
314.364029
315.406498
226.192488
247.033291
254.827181
286.601148
216.393577
232.686275
179.949045
228.531423
331.806667
431.084577
208.836474
578.176587
228.378109
236.822178
466.107078
221.125404
566.801559
246.788612
263.876395
223.391502
425.390215
174.286813
152.807547
294.659824
205.360192
206.291031
193.201161
115.179606
211.143860
228.265758
168.299881
264.211063
97.179319
204.445848
209.632964
178.893018
200.961475
192.806236
371.123932
111.887783
215.302100
140.213391
436.398087
308.941839
246.986023
176.970987
244.131469
231.783019
190.190184
229.157589
297.696481
326.607207
------------------
214.811930
355.738794
142.349917
258.968056
230.963895
97.690889
175.935115
216.245028
360.608861
354.542620
74.476059
216.936232
134.589312
179.524590
211.567657
151.951382
445.575601
492.459195
288.755074
157.402479
162.625000
479.334270
308.304645
386.441667
229.799796
183.981409
182.288475
125.686639
202.537379
522.546196
305.651436
436.125908
879.030129
410.458509
430.608618
161.083032
309.317037
379.004171
235.314076
221.778424
295.299603
252.462865
228.839440
244.155680
222.432980
187.487736
493.733399
431.937500
148.792094
486.703264
190.241139
190.017029
408.082443
258.429618
956.540434
217.907652
272.312825
273.655507
575.637255
224.548596
148.417910
340.808140
318.125954
212.224020
352.041818
123.700581
342.726542
224.222578
212.488164
256.175775
71.691900
250.011038
245.162602
277.852621
231.111825
173.868526
473.138313
102.218804
257.487903
150.550514
697.639535
386.509868
369.790972
205.465636
235.322759
258.020298
215.174214
311.912427
207.847231
315.849711
------------------
------Папка3-------
129.750539
240.109551
257.713851
109.286904
236.240434
104.406424
103.453478
190.974729
238.170431
279.273054
112.107872
107.927030
230.118325
91.861435
247.443936
172.676699
283.924949
189.162985
208.250215
162.883918
170.981725
326.968146
623.530400
297.835366
227.444773
194.144864
141.113752
224.315405
324.702256
246.820150
288.324034
288.761711
280.454023
256.703067
461.779661
176.600629
270.911708
490.044956
199.987928
306.922462
234.965565
243.371173
320.560541
329.467354
187.296975
217.646873
359.844548
567.753488
287.638462
258.091711
247.616837
212.730270
303.432927
483.283257
545.366218
346.892903
356.542169
419.959223
273.882517
239.042676
115.919403
113.783799
146.006169
190.790564
307.847979
115.926999
166.670175
244.262787
233.616752
168.415126
99.038916
135.286853
206.186755
172.818491
147.295035
214.366265
187.894698
172.895254
214.486154
174.435853
166.138754
214.879767
247.321590
202.696405
196.411065
214.227540
140.998889
165.954270
229.257371
436.826300
------------------
129.048996
244.451351
223.140271
162.330792
277.345229
103.043638
96.088261
184.791334
255.192418
274.818182
86.830351
96.248528
239.382282
87.807606
238.370427
232.152252
225.522073
214.568704
287.498656
122.317582
160.550340
262.421598
689.992399
250.825462
221.648387
113.411284
87.885926
173.496063
602.616052
286.090730
244.981651
211.370492
341.630156
308.430657
486.463074
161.630435
239.612595
491.358451
159.627708
240.203863
220.611034
217.535077
368.673913
213.128866
215.288230
183.462738
352.966255
535.579019
235.473510
277.229706
159.367184
188.571279
212.382432
616.366269
773.127236
252.821935
294.135091
393.278766
326.557278
253.035264
86.192040
91.229323
127.397762
182.039859
519.847747
121.687460
206.663782
246.315964
328.096555
162.938517
87.199650
145.783562
251.135802
267.130261
138.641638
186.123932
141.834586
124.347918
222.165680
213.648778
179.254635
251.542510
263.902412
209.084470
229.304458
226.708046
188.103673
161.205426
120.486448
358.574672
------------------
------Папка4-------
144.417923
243.081492
88.405217
120.530551
199.171690
111.545707
97.993677
138.464303
199.077397
300.523979
117.892128
110.780962
107.164474
208.230817
144.742386
137.463881
207.938239
148.364752
184.559372
226.427877
170.736082
340.409722
287.320600
282.878049
223.616184
192.644205
122.873187
123.032878
136.572360
142.161920
272.363889
295.137079
169.655894
214.497942
398.301442
189.426471
283.443359
222.172897
233.014545
272.197715
233.453168
235.664050
193.959604
331.419019
218.819216
232.420561
323.600000
294.218644
217.332829
161.845953
211.372340
213.248031
338.887139
202.882670
215.191330
272.745211
274.737410
230.146465
291.690628
185.737409
132.020121
151.971302
142.835000
174.980476
272.705190
116.516802
164.869582
247.256776
250.846707
152.116129
111.936852
158.514440
160.174603
121.691213
139.923606
232.629758
202.402227
113.764706
236.517241
144.818143
190.616880
174.630330
187.787577
155.950195
206.012493
213.496207
135.692778
170.940357
197.874229
310.572973
------------------
137.881206
235.023936
128.366972
157.357291
237.242934
96.453200
111.021198
220.131883
195.111668
346.222591
102.789905
96.111697
99.596605
177.005640
106.065060
170.286621
183.202941
165.502864
181.740189
183.851890
166.558786
287.169545
183.729986
242.887187
216.970180
109.672913
82.622239
91.261237
139.618916
117.779197
250.476684
230.263918
157.891551
218.563035
439.682493
173.225397
230.893204
169.912932
205.662905
224.926732
207.592033
179.722384
184.598720
280.834138
257.445443
201.452865
363.511286
261.605030
187.691296
160.282899
122.567200
181.930357
211.551297
180.058363
211.125430
208.199787
252.341434
271.665509
341.753018
187.752602
122.181818
112.756897
135.244048
172.897208
391.633058
113.504484
181.993857
238.002736
309.762733
161.229537
112.733757
201.453333
155.702206
108.627464
115.500510
256.867738
197.067681
83.950528
144.246939
141.510451
205.987407
266.840607
182.375000
130.906885
213.960089
238.332034
177.704600
183.433176
119.803718
256.924833
------------------
------Папка5-------
138.834985
271.365559
110.842924
97.505233
137.774301
107.884456
192.029517
108.405134
195.671488
189.293204
113.258989
112.554243
153.824711
149.986595
124.132009
157.132840
254.427300
156.921944
183.184793
105.154776
236.120697
347.286550
248.895906
326.446429
291.933889
282.366127
140.565139
178.458831
126.338160
136.776194
271.796667
294.035354
172.448827
216.459119
298.161074
431.222884
311.533865
210.685595
192.243159
259.980805
225.021676
283.200737
205.827150
345.282609
223.151899
307.309551
427.616396
232.056777
245.681269
198.112903
256.737265
214.011299
309.422311
227.651652
285.635104
377.209165
398.897590
236.071303
280.114792
159.862247
129.760083
149.318286
169.553338
126.007561
192.239921
147.632877
271.196101
231.593575
222.328836
139.366569
130.738328
134.877159
225.873913
147.594491
150.472597
166.946097
202.386778
113.421681
169.905533
149.506660
225.378084
266.723643
198.605989
180.144642
200.519094
233.511131
167.107071
244.895724
276.295099
234.215815
------------------
143.893110
280.447826
123.074924
152.039452
97.554374
86.392804
154.785828
92.423524
125.736054
183.478315
88.564838
100.108668
134.879630
103.047619
103.646028
170.587409
175.989346
166.272622
167.667476
110.658228
316.917693
282.239936
162.499369
275.540084
332.883963
144.699050
103.911417
139.510252
104.926362
106.769799
289.483529
294.351981
199.940703
262.095304
268.532432
414.897959
272.209901
156.814441
219.928097
222.998737
232.975155
251.420290
183.829902
241.319923
193.518841
257.817321
393.133443
248.195759
204.473647
194.990638
175.564578
223.585176
221.965000
199.071829
210.933267
429.812086
365.255725
283.378079
261.444357
179.886535
106.908551
98.448925
183.393007
101.108513
126.339515
188.838249
330.711896
238.711796
246.157840
139.889262
154.431953
145.258152
186.221445
109.960640
122.942794
152.492218
207.042141
104.158961
182.123746
146.857143
190.985801
274.126858
195.275761
160.983827
183.648294
246.221945
230.128141
247.779539
181.090531
230.108067
------------------
------Папка6-------
131.955192
227.948611
80.739130
111.247638
143.692902
104.366981
105.116621
140.075676
296.434080
303.061798
117.777940
124.622661
97.696855
119.183115
128.003584
131.379333
223.332414
165.589027
246.705933
114.221282
170.212860
361.620519
302.004225
299.997976
257.971481
219.293432
185.493641
155.467023
155.791534
156.548983
265.478405
308.571053
226.602593
173.331737
248.959781
178.369639
335.978386
202.200350
171.993894
178.736444
226.143258
286.183486
200.244761
339.370000
180.364650
282.206283
322.933140
251.276632
220.586555
259.765182
188.697040
200.732143
332.662319
231.124639
249.345823
421.387850
364.632911
239.359180
236.601786
147.338939
127.390397
155.501949
165.960595
120.649786
192.688324
146.342889
209.982692
218.667553
150.996047
139.180223
139.954144
161.724696
184.068627
178.919177
168.300778
183.107075
253.601977
203.342511
342.829396
165.841805
193.122352
235.010970
235.221905
196.150286
248.996172
273.096872
174.436600
255.354863
242.034203
253.619718
------------------
136.588370
227.594920
109.006116
195.848375
102.765625
86.915971
102.590395
218.784355
201.993333
246.116838
81.637688
100.598851
73.756683
75.851703
93.917563
163.414849
190.411674
166.055755
310.291611
71.230098
153.089986
327.453913
176.400560
242.813417
204.914474
131.190257
174.599644
151.767794
138.607843
117.153176
276.541528
294.267196
292.309672
231.394676
295.573034
146.214572
288.740356
144.271468
168.640506
132.551669
221.093548
240.904000
185.643319
235.044563
157.595122
224.977322
442.908442
253.665595
174.769291
209.885840
125.464091
226.889503
207.851897
208.241986
159.603487
275.764407
328.977547
287.552632
270.793260
203.974672
112.923169
110.336081
163.829268
102.384338
163.134351
137.177312
278.153846
220.200255
111.621201
135.695896
161.005092
152.410765
147.334012
131.421450
172.846154
165.054475
223.746246
131.526745
230.097059
198.920000
144.539346
206.623478
235.920468
190.940000
239.905782
309.658209
253.648052
275.474151
141.928122
273.722513
------------------
-------lcss-------
------Папка1-------
2950.000000
2772.000000
2845.000000
3113.000000
3571.000000
2639.000000
2508.000000
2565.000000
2831.000000
2718.000000
2843.000000
3185.000000
2375.000000
3398.000000
2158.000000
2740.000000
2751.000000
2475.000000
2589.000000
2205.000000
2258.000000
2997.000000
3183.000000
3125.000000
3666.000000
2422.000000
2910.000000
2838.000000
2480.000000
2653.000000
2925.000000
3252.000000
2967.000000
2494.000000
3092.000000
2670.000000
3097.000000
2721.000000
2442.000000
3491.000000
3225.000000
3031.000000
3053.000000
3286.000000
2657.000000
2578.000000
2087.000000
2419.000000
2301.000000
2534.000000
3192.000000
3691.000000
1735.000000
2864.000000
3044.000000
2720.000000
2519.000000
2557.000000
2856.000000
2266.000000
3132.000000
2825.000000
2203.000000
3081.000000
2985.000000
3824.000000
2815.000000
2693.000000
2949.000000
3226.000000
2418.000000
2357.000000
2484.000000
2617.000000
3052.000000
2633.000000
2173.000000
2932.000000
3196.000000
2704.000000
3138.000000
3052.000000
3223.000000
2750.000000
2959.000000
2998.000000
2716.000000
3533.000000
2790.000000
2402.000000
------------------
2388.000000
2653.000000
3151.000000
2993.000000
3666.000000
2771.000000
2362.000000
2720.000000
2970.000000
3128.000000
3129.000000
3250.000000
2507.000000
2700.000000
2560.000000
2846.000000
2837.000000
2563.000000
2403.000000
2681.000000
2524.000000
3105.000000
3565.000000
3249.000000
3955.000000
2792.000000
3013.000000
3004.000000
2888.000000
2835.000000
3415.000000
3744.000000
3181.000000
2591.000000
2966.000000
2622.000000
2781.000000
2884.000000
2707.000000
3233.000000
2353.000000
3022.000000
2830.000000
2905.000000
3206.000000
3128.000000
1995.000000
2745.000000
2724.000000
2666.000000
3417.000000
3523.000000
1670.000000
3447.000000
2892.000000
2958.000000
3172.000000
2965.000000
2676.000000
2188.000000
2961.000000
3201.000000
2106.000000
3197.000000
3066.000000
3543.000000
2943.000000
2590.000000
3480.000000
3386.000000
2754.000000
2632.000000
2432.000000
3164.000000
2936.000000
2614.000000
2613.000000
2724.000000
3438.000000
2103.000000
2950.000000
3569.000000
3110.000000
2637.000000
2587.000000
2972.000000
2998.000000
3609.000000
2957.000000
2845.000000
------------------
------Папка2-------
1783.000000
2486.000000
2082.000000
2714.000000
3030.000000
3591.000000
3960.000000
2526.000000
2476.000000
2741.000000
2660.000000
2799.000000
2640.000000
3051.000000
2502.000000
1945.000000
1611.000000
1694.000000
2489.000000
2113.000000
3090.000000
2506.000000
2957.000000
3217.000000
3365.000000
2754.000000
2841.000000
3093.000000
2454.000000
1822.000000
2147.000000
2675.000000
1702.000000
1829.000000
2133.000000
2570.000000
2335.000000
2623.000000
2519.000000
2716.000000
3003.000000
2543.000000
3333.000000
3435.000000
2481.000000
2774.000000
2230.000000
2499.000000
2290.000000
1509.000000
2654.000000
2891.000000
2817.000000
2757.000000
1612.000000
2056.000000
2093.000000
2521.000000
1936.000000
3416.000000
2712.000000
2609.000000
2066.000000
2820.000000
2848.000000
3794.000000
2522.000000
3211.000000
2365.000000
3173.000000
2953.000000
2497.000000
2702.000000
2379.000000
3214.000000
2643.000000
1904.000000
2428.000000
2715.000000
2461.000000
1797.000000
2128.000000
2863.000000
2391.000000
2693.000000
2745.000000
2346.000000
2443.000000
2369.000000
2402.000000
------------------
1822.000000
2422.000000
2246.000000
2635.000000
3033.000000
4119.000000
3341.000000
2588.000000
2575.000000
2982.000000
2958.000000
2930.000000
2894.000000
2584.000000
3155.000000
2139.000000
1650.000000
1806.000000
2331.000000
2652.000000
3485.000000
2617.000000
3244.000000
3261.000000
3845.000000
3002.000000
3142.000000
3253.000000
2861.000000
1906.000000
2605.000000
3027.000000
1977.000000
1976.000000
1990.000000
2756.000000
2183.000000
2639.000000
2937.000000
2538.000000
2147.000000
2693.000000
3113.000000
3069.000000
3100.000000
3469.000000
2183.000000
3092.000000
3041.000000
1700.000000
2795.000000
2736.000000
2545.000000
3399.000000
1590.000000
2381.000000
2451.000000
2959.000000
1863.000000
3271.000000
2819.000000
3022.000000
1939.000000
2932.000000
2597.000000
3332.000000
2641.000000
3290.000000
2830.000000
3693.000000
3493.000000
2928.000000
2547.000000
2753.000000
3130.000000
2318.000000
2510.000000
2351.000000
2872.000000
2033.000000
1836.000000
2339.000000
2715.000000
2356.000000
2542.000000
3096.000000
2730.000000
2488.000000
2451.000000
2844.000000
------------------
------Папка3-------
1932.000000
2415.000000
2784.000000
2918.000000
2547.000000
3429.000000
3954.000000
2927.000000
2620.000000
2578.000000
2617.000000
2923.000000
1777.000000
2447.000000
2010.000000
2502.000000
2503.000000
2449.000000
2397.000000
2141.000000
2418.000000
2869.000000
2636.000000
3453.000000
3080.000000
2725.000000
2328.000000
2576.000000
2000.000000
2490.000000
1897.000000
2062.000000
2363.000000
2395.000000
2386.000000
2787.000000
2954.000000
2349.000000
2518.000000
3108.000000
2396.000000
2465.000000
2590.000000
3059.000000
2320.000000
2461.000000
1997.000000
2297.000000
2023.000000
2703.000000
2551.000000
2629.000000
2604.000000
2291.000000
2758.000000
2212.000000
2300.000000
2333.000000
2660.000000
2887.000000
3249.000000
2481.000000
1806.000000
2454.000000
2749.000000
4305.000000
2611.000000
2854.000000
2439.000000
3557.000000
2659.000000
2702.000000
2534.000000
2322.000000
3157.000000
2403.000000
1733.000000
2426.000000
2771.000000
2387.000000
3023.000000
2700.000000
2299.000000
2068.000000
1968.000000
2214.000000
2504.000000
3161.000000
2641.000000
1797.000000
------------------
1965.000000
2322.000000
2972.000000
2781.000000
2549.000000
3912.000000
3183.000000
2980.000000
2856.000000
2922.000000
2760.000000
2965.000000
1849.000000
2013.000000
2390.000000
2660.000000
2714.000000
2543.000000
2156.000000
2763.000000
2863.000000
3083.000000
2908.000000
3532.000000
3412.000000
3090.000000
2575.000000
2700.000000
2193.000000
2600.000000
1942.000000
2621.000000
2611.000000
2335.000000
2314.000000
2824.000000
2533.000000
2380.000000
3454.000000
2841.000000
1982.000000
2853.000000
2493.000000
2714.000000
2581.000000
2950.000000
1981.000000
2636.000000
2744.000000
3187.000000
2677.000000
2606.000000
2478.000000
2795.000000
2756.000000
2505.000000
3062.000000
2655.000000
2637.000000
2819.000000
2847.000000
2576.000000
1876.000000
2534.000000
2820.000000
3496.000000
2619.000000
2865.000000
3034.000000
4106.000000
3214.000000
3376.000000
2396.000000
2850.000000
3103.000000
2403.000000
2373.000000
2438.000000
2908.000000
1840.000000
2972.000000
3140.000000
2262.000000
2162.000000
1918.000000
2595.000000
2854.000000
3207.000000
2757.000000
2065.000000
------------------
------Папка4-------
2506.000000
2302.000000
2568.000000
2865.000000
2938.000000
3348.000000
3302.000000
3019.000000
2279.000000
1930.000000
2569.000000
2650.000000
2485.000000
2820.000000
2213.000000
2207.000000
2999.000000
2683.000000
2370.000000
1996.000000
2616.000000
3352.000000
2897.000000
2240.000000
2711.000000
2656.000000
2797.000000
2915.000000
2477.000000
2909.000000
2268.000000
2617.000000
2568.000000
2847.000000
2179.000000
2752.000000
2780.000000
2421.000000
2381.000000
3219.000000
2736.000000
2006.000000
2888.000000
2420.000000
2551.000000
2237.000000
1857.000000
2368.000000
2105.000000
2351.000000
2576.000000
2689.000000
2626.000000
2205.000000
2214.000000
2272.000000
2139.000000
2008.000000
2188.000000
2947.000000
2864.000000
2749.000000
1973.000000
2398.000000
2097.000000
3306.000000
2846.000000
3320.000000
2476.000000
3502.000000
2573.000000
2409.000000
2819.000000
2613.000000
2488.000000
2158.000000
1791.000000
2967.000000
2141.000000
2338.000000
2791.000000
2221.000000
2962.000000
2622.000000
2429.000000
2872.000000
2046.000000
3371.000000
2578.000000
2053.000000
------------------
2043.000000
2193.000000
2800.000000
2774.000000
2979.000000
3410.000000
3034.000000
3078.000000
2252.000000
2088.000000
2740.000000
2743.000000
2773.000000
2511.000000
2554.000000
2509.000000
3106.000000
2832.000000
2094.000000
2497.000000
2992.000000
3679.000000
3335.000000
2359.000000
2943.000000
3020.000000
2855.000000
2828.000000
2706.000000
3169.000000
2883.000000
3453.000000
2748.000000
3221.000000
2062.000000
2867.000000
2393.000000
2611.000000
2878.000000
3190.000000
1936.000000
2041.000000
2678.000000
2203.000000
2927.000000
2532.000000
1802.000000
3075.000000
2642.000000
2620.000000
2758.000000
2766.000000
2476.000000
2779.000000
2191.000000
2554.000000
2641.000000
2349.000000
2156.000000
2812.000000
2889.000000
3142.000000
1826.000000
2383.000000
2585.000000
3081.000000
2937.000000
3269.000000
2954.000000
3993.000000
3015.000000
2653.000000
2649.000000
3425.000000
2619.000000
2207.000000
2422.000000
2934.000000
2227.000000
1898.000000
2819.000000
2391.000000
2976.000000
2547.000000
2253.000000
2933.000000
2286.000000
3489.000000
2711.000000
2430.000000
------------------
------Папка5-------
2265.000000
2444.000000
2595.000000
2665.000000
3514.000000
3244.000000
3353.000000
2999.000000
3075.000000
2856.000000
2658.000000
3298.000000
2623.000000
2969.000000
2532.000000
2247.000000
2492.000000
2361.000000
2141.000000
2409.000000
2649.000000
3350.000000
2876.000000
2987.000000
2873.000000
2532.000000
2780.000000
2143.000000
2491.000000
2743.000000
2207.000000
2530.000000
2430.000000
2478.000000
2311.000000
2589.000000
2404.000000
2355.000000
2110.000000
3375.000000
2609.000000
2588.000000
2333.000000
2495.000000
2125.000000
2627.000000
1906.000000
2310.000000
1906.000000
2081.000000
2584.000000
2398.000000
2441.000000
2322.000000
2166.000000
2242.000000
2026.000000
2090.000000
2570.000000
1864.000000
3278.000000
2098.000000
2058.000000
2588.000000
2496.000000
3069.000000
2443.000000
3417.000000
2205.000000
3270.000000
2559.000000
2492.000000
2980.000000
2162.000000
3083.000000
2609.000000
1768.000000
2501.000000
2371.000000
1997.000000
2874.000000
2733.000000
2553.000000
2683.000000
2818.000000
2182.000000
1878.000000
3308.000000
2500.000000
1774.000000
------------------
2176.000000
2336.000000
3037.000000
2625.000000
3582.000000
3701.000000
2962.000000
3062.000000
3338.000000
3268.000000
2737.000000
3569.000000
2796.000000
2532.000000
3228.000000
2362.000000
2534.000000
2433.000000
2088.000000
2959.000000
3032.000000
3682.000000
3266.000000
3001.000000
3104.000000
2808.000000
2692.000000
2310.000000
2807.000000
2909.000000
2802.000000
2729.000000
3035.000000
2465.000000
2376.000000
2548.000000
2295.000000
2426.000000
2440.000000
3229.000000
1908.000000
2615.000000
2449.000000
2347.000000
2443.000000
3333.000000
1910.000000
2817.000000
2465.000000
2208.000000
2794.000000
2700.000000
2212.000000
2972.000000
2283.000000
2457.000000
2733.000000
2361.000000
2585.000000
1813.000000
3196.000000
2594.000000
1988.000000
2734.000000
2835.000000
2951.000000
2436.000000
3339.000000
2853.000000
3835.000000
2926.000000
2893.000000
2699.000000
2633.000000
3288.000000
2699.000000
2191.000000
2374.000000
2426.000000
1730.000000
2856.000000
3273.000000
2778.000000
2542.000000
2504.000000
2627.000000
2107.000000
3414.000000
2583.000000
1985.000000
------------------
------Папка6-------
1838.000000
2297.000000
2422.000000
2414.000000
3077.000000
3217.000000
3103.000000
2918.000000
2904.000000
2316.000000
2333.000000
2996.000000
2750.000000
2959.000000
2673.000000
2473.000000
2630.000000
2480.000000
2272.000000
2374.000000
2783.000000
3358.000000
2832.000000
3121.000000
3042.000000
2538.000000
2642.000000
2787.000000
2417.000000
2916.000000
2057.000000
2562.000000
2502.000000
2456.000000
2471.000000
2386.000000
2081.000000
2197.000000
2430.000000
3553.000000
2513.000000
2611.000000
2733.000000
2560.000000
2035.000000
2376.000000
1896.000000
2296.000000
2393.000000
2187.000000
2243.000000
2676.000000
2392.000000
2375.000000
1994.000000
2276.000000
2216.000000
2131.000000
2818.000000
1899.000000
3374.000000
2898.000000
1993.000000
2230.000000
2085.000000
4072.000000
3096.000000
3051.000000
2666.000000
3437.000000
2693.000000
1888.000000
2508.000000
2684.000000
2820.000000
2631.000000
1759.000000
2921.000000
2209.000000
2378.000000
2711.000000
2770.000000
2658.000000
2608.000000
2801.000000
3198.000000
2508.000000
2620.000000
2486.000000
1704.000000
------------------
1954.000000
2210.000000
2835.000000
2320.000000
3357.000000
3333.000000
3117.000000
2849.000000
2886.000000
2484.000000
2528.000000
2969.000000
3012.000000
2614.000000
3317.000000
2754.000000
2824.000000
2578.000000
2016.000000
3155.000000
3088.000000
3744.000000
3119.000000
3398.000000
3619.000000
2887.000000
3079.000000
2821.000000
2895.000000
3130.000000
2528.000000
3310.000000
2867.000000
2914.000000
2497.000000
2654.000000
2027.000000
2632.000000
2610.000000
3416.000000
1889.000000
2698.000000
2511.000000
2249.000000
2466.000000
2676.000000
1843.000000
2944.000000
3390.000000
2349.000000
2363.000000
2892.000000
2263.000000
3019.000000
2063.000000
2621.000000
2817.000000
2536.000000
2692.000000
1828.000000
3295.000000
3291.000000
1854.000000
2174.000000
2480.000000
3471.000000
3399.000000
3005.000000
3418.000000
3843.000000
3249.000000
2248.000000
2904.000000
3461.000000
2905.000000
2664.000000
2412.000000
2939.000000
2344.000000
1854.000000
2842.000000
3106.000000
2894.000000
2630.000000
2520.000000
3255.000000
2770.000000
2694.000000
2690.000000
1842.000000
------------------
-------msm-------
------Папка1-------
8609.062589
3998.157712
4974.097473
7366.960500
6319.889479
2583.852819
396.286360
4960.125552
3884.177645
3958.935260
3773.970360
5131.152715
3737.488740
6206.175317
2658.820779
4967.945479
3993.504854
3795.945657
3810.209899
6164.655985
5083.178303
2944.124239
6381.483314
5282.811508
6264.566450
3928.894491
3797.732456
3789.625069
4971.691873
2632.288998
8709.317938
10054.948586
8615.087928
1439.009780
7521.606509
6264.743498
7521.063636
8680.521612
5072.254192
7468.286556
1526.907713
3920.568249
5079.378205
1487.678571
3825.512579
2691.066617
1484.478402
6430.681269
7485.784863
5103.339212
7518.088781
9970.160188
7654.426380
6277.514532
5057.796073
6396.160656
2775.347666
3829.132777
2660.065613
1395.004614
3810.278897
5028.234008
4988.942874
7372.060403
8687.149524
7453.688442
3861.650682
2758.236735
8626.728657
2657.164835
2590.339442
3827.356846
2735.553061
8617.000000
3853.700709
5137.756250
11089.769110
6147.520118
6283.720000
4955.155120
7416.180734
8617.249118
5082.862789
6206.759203
6314.334814
5104.817446
3802.530556
3830.525635
2652.070542
5124.544627
------------------
8654.584615
4047.649587
3843.866029
7596.883088
6297.389049
2580.842635
1455.176519
4982.618622
3866.807692
4006.251786
3752.916160
5191.320937
3727.285624
7381.736328
1434.000000
5017.953981
4073.814214
3799.705756
3904.115020
4997.365371
3992.562044
2951.074957
6330.219178
5251.690083
6290.833333
3792.080658
3741.620557
3763.928674
3790.409750
2612.427650
7601.620976
8854.473573
7435.049570
422.624322
7617.236797
6251.306316
8715.706667
8658.207751
3890.874724
7427.275404
3911.802963
3903.209302
5105.327128
2676.313665
2666.919872
1492.614634
1527.625819
5299.346205
6237.642710
3884.011915
7384.520951
10013.312415
6382.788372
5103.470060
6228.544110
6360.533953
1608.714819
2704.421676
2695.133987
1391.577138
3864.227384
3823.894636
5076.078394
7392.979091
8768.777935
8635.103606
3941.284977
2767.506596
7457.496454
1578.762637
1395.950847
2655.968447
2757.941300
7507.581731
5049.066866
5148.737354
9957.513382
6149.599385
6372.122762
6169.685734
7486.351558
7589.590523
5137.020147
6206.999443
7503.068502
5178.667509
2643.383570
3846.197468
2568.135213
4002.832359
------------------
------Папка2-------
1460.702634
2774.909532
372.879245
4936.210941
5020.345392
1353.107930
3804.727442
1431.080040
1673.992016
1723.664983
1402.564140
3855.009434
4941.425518
3801.545012
5061.717762
1453.056872
6259.337545
6214.609873
2601.328461
3730.517219
329.926704
2903.195446
4043.038462
1730.050000
3912.762509
3983.612756
5008.039190
3757.960690
4998.987988
6142.471831
1533.587267
1823.323907
7346.458333
6218.845907
1913.007740
1573.952830
652.319424
3922.821661
3871.160966
1482.435302
1688.352349
1595.840746
5076.588499
2714.587082
2609.902070
1505.817006
2783.695000
2941.104478
2642.733131
6282.426587
1661.497512
2657.068931
3017.958258
3875.408504
8609.628297
445.628705
480.067811
3837.918058
7498.835322
7378.304883
1439.584906
5026.539589
2588.058930
2595.285540
2653.239845
1492.260718
403.759064
2672.681431
1391.036744
1515.167394
1334.771379
3820.725632
2630.876731
3787.152027
1489.286885
1718.209354
6261.776923
1326.483140
565.636511
2555.647948
7350.205298
5065.896341
2663.391360
1420.402901
2741.684711
440.013208
2589.692740
2674.002115
2736.640762
5097.214414
------------------
1529.012632
2814.460587
1531.525705
5070.292366
5004.022976
1389.664058
5025.139313
1546.850852
1664.463291
1684.943867
1388.096863
3908.400000
4934.525622
5002.138320
3815.833883
1491.852098
6237.996564
6340.474429
2722.312585
2571.295041
1659.607681
2965.331461
3926.342896
1776.704167
3886.368744
3817.866928
5003.150322
3755.832645
3847.565523
6230.817935
684.442559
1065.772397
8744.682927
7502.604782
2056.014363
1566.191336
1604.988148
3963.718457
2669.490643
1432.784884
1611.958333
1597.045093
5094.275862
3902.029453
1471.200579
389.972642
2935.261645
1740.784926
1411.744353
7490.704748
1521.248112
2654.315043
4070.473282
2714.467046
7591.104536
390.985048
1705.450607
2726.050220
7635.645833
7412.605292
1476.129851
3852.990956
2675.590649
2575.278780
2747.925455
310.417878
588.091823
2680.550841
397.680694
527.943870
203.025410
2645.836645
2655.278049
2651.161227
2678.200514
1682.195219
5134.955740
1328.461405
652.885081
3747.597701
7422.182724
6365.953947
2810.276742
1462.526632
3891.306207
525.841678
1423.335642
2730.868224
2639.597072
4003.560694
------------------
------Папка3-------
1464.409737
1696.077247
3801.468798
2514.508326
2580.860332
240.886967
1501.317977
2536.066185
543.629706
652.735329
2627.275024
1479.652621
4916.101571
3723.110362
1435.559878
337.731068
1716.878296
1469.889053
1414.832330
2546.893591
1603.032724
1874.676906
1771.028000
1842.245935
386.478441
413.184372
2660.338427
2636.189243
3730.809774
1467.503747
1771.243562
3200.967413
2644.777299
494.777914
1700.918644
1625.039623
1884.596929
2763.089911
2690.092555
1546.513846
3008.527548
1628.206633
1669.569088
1859.128866
1424.945860
402.410135
1644.174014
4021.277519
2705.048252
3842.806878
1684.084186
1616.311688
1940.518293
3973.823012
6330.575859
732.670968
714.135972
3863.740453
1637.272028
2619.962707
252.774129
1403.670850
340.969842
1407.891254
2663.499121
277.108922
2780.376218
432.925926
2588.259581
384.983193
214.645387
1394.940239
1443.660927
2582.244470
389.441844
1632.903614
1444.081738
1439.033552
557.081538
1400.346868
410.626602
363.034630
1629.007227
1530.294500
2784.123141
1610.741394
271.695000
1562.989532
1637.833466
1580.031403
------------------
1493.676139
1708.352703
2752.435897
2596.068615
2612.309541
317.866789
297.511033
2562.788389
492.931330
774.956229
2672.821074
1440.917550
4938.128641
2535.063758
389.849085
475.219442
1676.418426
1491.223780
1544.236559
1335.514835
2937.013589
1772.136095
1768.611486
1773.090349
420.041935
300.741619
2621.895802
2598.526434
5041.585683
1494.768245
3035.566769
4290.865574
1666.645030
1784.045012
1836.994012
1637.336232
605.896947
2694.028257
1419.897571
1428.151288
554.692414
1514.832342
1688.443841
580.689003
496.433735
1679.912478
1685.932510
2907.523161
1508.774172
2697.489637
1526.456982
1698.823899
627.709459
2839.286201
7541.163516
606.130323
1929.542010
2691.486358
1685.016173
2612.371537
276.632836
2595.808271
368.944049
1369.923212
2732.247259
1404.343094
2950.701065
420.305211
1461.471294
1681.014467
1450.577350
400.493151
1504.128086
1490.867735
1416.959044
1647.264957
445.787325
1374.781934
650.753452
2586.947525
502.317058
1705.966802
1697.789474
1491.743442
1647.243061
1733.473563
1625.353469
1631.453488
1520.934379
682.032314
------------------
------Папка4-------
288.417062
1752.941989
311.448696
3710.381094
453.499462
1401.666461
2677.228546
229.377575
2855.535616
2994.000888
2638.062196
2715.425793
206.736111
2593.930074
421.072335
1485.207321
426.709593
314.574865
1448.904809
2544.735008
1588.531662
1838.504630
3031.293315
4233.902439
400.177693
1590.425876
1411.687940
1434.532625
296.714472
331.757526
2698.541667
1754.552809
1584.471008
438.473251
825.416776
1646.870588
2076.173828
584.879673
2632.023896
1508.496771
3062.191460
3084.133438
469.250000
2931.979198
1435.324905
1630.862362
624.307438
655.422034
1461.191125
340.413838
1633.007979
1644.533465
1934.678478
1632.893434
2895.915172
535.863027
1718.685851
501.200337
1726.943585
1397.437140
1457.665996
301.305372
321.448750
366.049420
529.117647
2727.486095
2777.565404
649.614836
2613.559046
351.554839
227.817154
390.864621
423.844797
259.059401
3883.323911
387.134948
2631.544885
204.588911
3001.128352
293.577970
458.779054
2771.399166
1546.003067
372.278042
1603.066032
2645.833123
1462.387778
1523.402453
1544.942047
1469.024865
------------------
303.927305
1766.030585
1537.035168
3761.056323
469.717980
1448.402579
1521.200000
366.091094
2850.163923
3128.070875
2679.352681
2741.902002
219.906225
3793.041737
1619.993976
1584.352834
514.726471
348.573883
1527.366712
1329.503093
2964.369153
1780.328100
2975.716418
4245.086351
435.089459
1490.756388
1403.440659
1354.988874
1536.637721
279.400547
1571.072539
721.371134
2844.020177
1707.607099
967.461424
1694.078307
801.267961
565.072343
1404.745829
1419.908082
575.072802
2945.284884
455.692870
1669.425121
458.562901
2889.966728
821.652601
1943.782544
370.949229
1544.104895
1500.827200
1629.088393
603.059752
2861.523132
1753.995991
475.729012
2936.329283
1889.435185
1807.282266
1385.486389
1505.675489
1511.597414
374.870748
330.791244
578.928926
1500.910874
2950.724915
665.586867
1429.362319
1617.402135
1544.905367
1660.762222
437.398897
1460.752957
2769.200815
433.077874
1444.247148
185.852902
2936.104082
1364.431243
419.967351
4162.737508
1568.072917
346.936107
445.478936
2655.310210
2804.371267
1606.215409
1428.525970
513.649857
------------------
------Папка5-------
295.994830
587.214502
1364.598756
209.362725
293.069907
1428.033514
1450.795170
231.096671
465.902893
501.911650
2611.720603
322.842105
3746.519781
1527.004021
369.810748
1540.778340
1705.879822
1527.494845
389.404235
1334.385732
1478.121122
1835.286550
1807.869006
3301.573661
2678.181676
1730.764633
1492.553679
320.062417
277.269967
1544.504610
1538.174444
2019.873737
1633.198203
1745.976415
1974.827740
1594.448749
3188.872510
1696.194860
1578.246286
1474.446629
3057.624277
572.872928
2817.542159
2992.280797
1712.216164
546.821634
668.462490
674.972527
440.732628
1600.874763
1726.417337
1654.561582
1933.223108
1621.437237
2886.065127
1603.081301
1988.612450
492.697183
1675.697227
2675.735609
220.729059
1497.345065
336.171144
259.359798
468.646018
2750.102740
2915.633918
1723.332402
3848.622689
400.093842
233.464169
334.595010
465.208696
1461.149904
1534.042097
434.934944
2638.482523
202.887121
1698.558704
1511.826319
1609.834194
391.951996
1579.909377
316.750120
1591.930097
1599.169190
1492.152862
1606.850713
1644.271116
1727.355848
------------------
275.768490
617.573913
459.079511
327.458056
292.159444
1427.075407
2598.657643
252.766620
343.493878
371.680297
2650.778055
315.609314
3741.192593
311.849206
1569.713785
1634.287721
1709.855403
1593.562645
407.825243
284.539092
616.239642
1808.906602
1810.653216
3198.896624
2684.057366
1547.667371
1536.743438
285.021090
1589.643594
1538.142555
662.905882
3189.692308
2948.724012
2985.027624
1870.618919
1592.748299
1890.726733
1768.295031
3005.814159
1400.395368
639.849379
632.271222
2730.273023
1668.034483
3074.666667
1765.339648
726.640033
2014.233279
1613.998575
2801.417021
1566.146049
1732.130039
677.495000
2995.118967
1786.156375
1573.011589
3181.568702
1909.673645
1723.468652
2842.749829
283.255344
2711.133513
519.183217
306.276894
483.897290
1642.468126
2957.399164
1755.060322
5060.863967
1715.546980
1616.816568
1625.934783
517.594406
2757.071341
378.090209
386.196498
1472.773349
201.929870
1781.484950
403.680370
1713.924949
1807.848365
1629.125613
408.353998
437.807524
1699.248130
2920.374372
1839.671470
1558.373569
2889.312024
------------------
------Папка6-------
1460.383455
1721.197222
295.095652
1426.212581
1469.238229
1397.534277
2676.334252
1442.726290
1746.975124
3016.630618
2619.385811
1486.370062
1326.660377
1477.184304
333.905615
262.679948
1621.353103
352.260848
422.245056
1345.842201
1567.418182
1858.891224
2958.730986
1964.008097
1768.938362
1627.958686
1481.804452
1536.187166
291.544974
361.785582
566.469546
911.550000
1643.049042
1622.717365
1773.559415
1643.231450
3184.610951
1666.349883
396.051560
1447.426230
3041.092697
672.089908
1626.838223
3079.810000
1651.627389
1658.823037
638.378876
659.500000
1511.642857
1737.410256
2775.989553
1636.545238
1959.784058
1616.339873
4067.570629
786.954829
1896.251356
470.122995
1689.480357
2631.134541
212.679541
245.162899
333.023792
1442.625991
1602.393597
318.675098
1611.007692
1771.211436
306.989899
354.178628
1363.463536
2594.453441
526.523529
273.741367
2696.259291
429.963671
1501.469901
289.810573
3221.438320
289.274700
1603.992055
369.532489
1633.176190
351.052522
1676.637060
1530.198789
281.960247
2798.167933
1628.022502
1731.186620
------------------
1479.800366
1745.934492
1554.573394
1619.216091
1443.918403
1457.327273
1458.668550
1500.537703
1743.833333
3074.841924
2607.941729
1482.913793
1304.772447
267.339679
1546.348865
360.184223
1636.185868
407.462230
526.817577
194.635336
2934.991881
1952.869565
2888.121849
1845.928721
1823.742105
1487.826287
1503.948399
1522.366548
1520.433240
351.128269
1847.291251
1967.478836
3015.645075
2898.386574
1769.575281
1660.642914
1899.639466
1611.587258
1726.506329
1462.349762
567.548387
728.364000
1652.551724
1830.832442
2885.492683
2899.002160
875.841855
2015.602894
362.485039
2890.084523
2697.942461
1736.465470
627.528764
2956.118925
2954.333586
646.106780
3085.877375
1853.586466
1753.325137
2830.089083
277.877551
1462.806777
439.299101
1482.749775
1664.392366
1394.548799
1886.765980
1787.318878
1599.505300
1603.466418
384.082485
3845.504249
441.368635
1560.865559
1593.054545
458.885214
595.310811
233.318223
3184.676471
1502.703448
1776.686118
1705.960870
1678.419883
501.196842
520.057816
1642.525373
1759.218182
3014.691285
1555.512129
2941.298429
------------------
